2730 0.0008718545630996302
7102 0.0008545292545357047
1010 0.0008496113429084786
368 0.0008358983067864302
1907 0.0008305899559032181
7453 0.0008206419715353912
4583 0.0008178783257292131
7420 0.0008103312135438414
1847 0.0008099944564492951
5369 0.0008059950613337575
3164 0.0008050887986406
7446 0.0008031585963961567
3947 0.0008022195095139477
2794 0.0007923189800154406
3215 0.0007821683624277915
5346 0.0007811974837948261
7223 0.0007773650726513187
630 0.0007743753319023593
4417 0.000768817016922003
4955 0.0007607858766730215
3208 0.0007590253502760111
2902 0.0007575383869467497
5671 0.0007558488555572999
5833 0.0007516580158411187
5553 0.0007479561502894074
8096 0.0007474008875415357
3204 0.0007457670936119735
758 0.0007449383630388528
6301 0.000744579216749615
5769 0.0007411585898386223
8194 0.0007400953624157381
4957 0.0007380371834901991
8060 0.0007363691818645353
7938 0.0007338466986938348
5584 0.0007331339221872662
6568 0.0007326664269879941
1430 0.0007325418876853136
7250 0.000731344738515501
3185 0.0007304813678625779
2737 0.0007262619731813987
3751 0.0007258308597765987
150 0.000725821464011023
5099 0.0007212308983763028
2944 0.0007173570469584458
7872 0.0007154272425739291
2639 0.0007139869877863546
5074 0.0007139617468332473
1034 0.0007130098504031771
229 0.0007123641185555897
6648 0.0007120179403828301
4222 0.0007102453823449096
7406 0.0007096423934466742
2464 0.0007093390156037666
3578 0.0007091575861339598
930 0.0007083474398434012
6777 0.0007082342158119715
2484 0.0007049481143344161
4944 0.0007011253343165223
1197 0.0006998242901036402
3221 0.000699067370172406
2041 0.0006985935303869449
7579 0.0006978868941282544
6787 0.0006975761442123561
6530 0.000696802470179708
8112 0.0006965100731270231
6005 0.000696139732718778
6190 0.0006958614762307733
5655 0.0006951671709524335
251 0.0006941124877801487
3951 0.0006932798130930155
8018 0.0006927271931226256
233 0.000692086107104969
2589 0.0006915631834007356
5996 0.0006914617856807317
482 0.0006911631589431074
972 0.0006904357012121751
7499 0.0006866851847922241
7442 0.0006863637248562636
1173 0.0006859023854437662
2369 0.0006853152058042433
6315 0.0006836404274561408
5129 0.0006834405678545483
7784 0.0006832304269747567
5998 0.0006830118777799462
4692 0.0006828063331546915
4255 0.0006827700176099334
6692 0.0006823308966253903
4832 0.0006819550754772092
5275 0.0006801978611428999
5376 0.0006795968984963992
2232 0.0006776237395684922
6928 0.0006768865321328347
260 0.0006756126352501871
1677 0.000675510847749422
6847 0.0006739222830835726
6883 0.0006734408305387715
7702 0.000673402250457869
1798 0.0006725762409688367
4681 0.000671531567394907
2664 0.0006707575503259815
