2730 0.0008718545630996289
7102 0.000854529254535702
1010 0.0008496113429084793
368 0.0008358983067864312
1907 0.0008305899559032181
7453 0.0008206419715353893
4583 0.0008178783257292127
7420 0.0008103312135438389
1847 0.0008099944564492958
5369 0.0008059950613337564
3164 0.0008050887986405986
7446 0.0008031585963961546
3947 0.0008022195095139482
2794 0.0007923189800154394
3215 0.0007821683624277903
5346 0.000781197483794825
7223 0.0007773650726513161
630 0.0007743753319023608
4417 0.0007688170169220026
4955 0.0007607858766730213
3208 0.0007590253502760101
2902 0.0007575383869467488
5671 0.0007558488555572989
5833 0.0007516580158411174
5553 0.0007479561502894067
8096 0.000747400887541534
3204 0.0007457670936119727
758 0.0007449383630388539
6301 0.0007445792167496133
5769 0.0007411585898386211
8194 0.000740095362415737
4957 0.0007380371834901987
8060 0.0007363691818645338
7938 0.0007338466986938333
5584 0.0007331339221872655
6568 0.0007326664269879924
1430 0.0007325418876853142
7250 0.0007313447385154986
3185 0.0007304813678625765
2737 0.0007262619731813977
3751 0.0007258308597765991
150 0.0007258214640110241
5099 0.0007212308983763018
2944 0.0007173570469584446
7872 0.0007154272425739273
2639 0.000713986987786354
5074 0.0007139617468332468
1034 0.0007130098504031777
229 0.0007123641185555911
6648 0.0007120179403828278
4222 0.0007102453823449096
7406 0.0007096423934466719
2464 0.0007093390156037657
3578 0.0007091575861339594
930 0.0007083474398434018
6777 0.0007082342158119697
2484 0.000704948114334415
4944 0.0007011253343165218
1197 0.0006998242901036398
3221 0.0006990673701724046
2041 0.0006985935303869442
7579 0.000697886894128253
6787 0.0006975761442123543
6530 0.0006968024701797061
8112 0.0006965100731270215
6005 0.0006961397327187774
6190 0.0006958614762307726
5655 0.0006951671709524324
251 0.0006941124877801506
3951 0.0006932798130930158
8018 0.0006927271931226247
233 0.0006920861071049704
2589 0.0006915631834007352
5996 0.0006914617856807307
482 0.0006911631589431093
972 0.0006904357012121751
7499 0.0006866851847922226
7442 0.0006863637248562614
1173 0.0006859023854437657
2369 0.0006853152058042422
6315 0.000683640427456139
5129 0.0006834405678545475
7784 0.000683230426974755
5998 0.0006830118777799453
4692 0.0006828063331546917
4255 0.0006827700176099332
6692 0.0006823308966253885
4832 0.0006819550754772089
5275 0.0006801978611428987
5376 0.0006795968984963985
2232 0.0006776237395684911
6928 0.0006768865321328328
260 0.000675612635250189
1677 0.0006755108477494224
6847 0.0006739222830835707
6883 0.00067344083053877
7702 0.0006734022504578669
1798 0.000672576240968837
4681 0.0006715315673949069
2664 0.0006707575503259812
