2730 0.000871854563099627
7102 0.0008545292545356997
1010 0.0008496113429084767
368 0.000835898306786429
1907 0.0008305899559032161
7453 0.0008206419715353877
4583 0.000817878325729211
7420 0.0008103312135438365
1847 0.000809994456449294
5369 0.0008059950613337546
3164 0.0008050887986405969
7446 0.0008031585963961522
3947 0.0008022195095139459
2794 0.000792318980015438
3215 0.0007821683624277885
5346 0.0007811974837948225
7223 0.0007773650726513145
630 0.0007743753319023586
4417 0.0007688170169220006
4955 0.0007607858766730198
3208 0.0007590253502760078
2902 0.0007575383869467461
5671 0.0007558488555572965
5833 0.0007516580158411155
5553 0.000747956150289405
8096 0.0007474008875415321
3204 0.0007457670936119704
758 0.0007449383630388519
6301 0.0007445792167496113
5769 0.0007411585898386194
8194 0.0007400953624157351
4957 0.0007380371834901965
8060 0.000736369181864532
7938 0.0007338466986938312
5584 0.0007331339221872636
6568 0.00073266642698799
1430 0.0007325418876853117
7250 0.000731344738515497
3185 0.0007304813678625746
2737 0.0007262619731813955
3751 0.0007258308597765969
150 0.0007258214640110224
5099 0.0007212308983763001
2944 0.0007173570469584426
7872 0.0007154272425739253
2639 0.0007139869877863523
5074 0.0007139617468332447
1034 0.0007130098504031753
229 0.0007123641185555892
6648 0.0007120179403828261
4222 0.000710245382344908
7406 0.00070964239344667
2464 0.0007093390156037636
3578 0.0007091575861339575
930 0.0007083474398433999
6777 0.0007082342158119682
2484 0.0007049481143344131
4944 0.0007011253343165198
1197 0.0006998242901036383
3221 0.0006990673701724029
2041 0.000698593530386942
7579 0.0006978868941282509
6787 0.0006975761442123521
6530 0.0006968024701797037
8112 0.0006965100731270195
6005 0.0006961397327187751
6190 0.0006958614762307702
5655 0.0006951671709524305
251 0.0006941124877801484
3951 0.000693279813093014
8018 0.0006927271931226228
233 0.0006920861071049687
2589 0.0006915631834007334
5996 0.0006914617856807289
482 0.0006911631589431071
972 0.0006904357012121736
7499 0.000686685184792221
7442 0.0006863637248562596
1173 0.0006859023854437634
2369 0.0006853152058042398
6315 0.0006836404274561369
5129 0.0006834405678545453
7784 0.0006832304269747532
5998 0.0006830118777799433
4692 0.0006828063331546895
4255 0.0006827700176099316
6692 0.0006823308966253863
4832 0.0006819550754772071
5275 0.0006801978611428967
5376 0.0006795968984963966
2232 0.0006776237395684893
6928 0.0006768865321328307
260 0.0006756126352501869
1677 0.0006755108477494204
6847 0.0006739222830835685
6883 0.0006734408305387675
7702 0.0006734022504578651
1798 0.000672576240968835
4681 0.0006715315673949049
2664 0.0006707575503259797
